const int game2[] = {
  52, 54,
  57, 56,
  42, 44,
  47, 45,
  21, 33,
  145, 154,
  133, 154,
  28, 47,
  71, 63,
  68, 57,
  61, 43,
  78, 66,
  01, 01,
  27, 26,
  63, 55,
  38, 27,
  41, 63,
  18, 28,
  154, 166,
  157, 166,
  55, 36,
  01,01,
  63, 83
  
};
const int game2Moves = 23;

const int game3[] = {
  52, 54,
  57, 55,
  62, 64,
  67, 65,
  154, 165,
  55,54,
  41, 85,
  77, 76,
  165, 176,
  87, 86,
  76, 77,
  58, 57,
  85, 55,
  57, 67,
  177, 188
};
const int game3Moves = 15;

const int game4[] = {
  52, 54,
  57, 55,
  71, 63,
  47, 46,
  42, 44,
  38, 74,
  144, 155,
  174, 163,
  141, 163,
  146, 155,
  61, 34,
  78, 66,
  63, 23,
  48, 57,
  21, 33,
  37, 36,
  31, 75,
  27, 25,
  133, 125,
  136, 125,
  134, 125,
  28, 47,
  02, 02,
  18, 48,
  141, 147,
  148, 147,
  81, 41,
  57, 56,
  125, 147,
  23, 28,
  147, 128,
  41, 48
};
const int game4Moves = 33;
